Code;Sign
101101;4
101107;4
101111;4
101113;2
101114;2
101154;2
101155;2
101156;2
101157;2
101158;2
101159;2
101160;2
101168;2
101280;4
101292;2
101293;2
101294;4
101300;2
101302;4
101348;2
101351;2
101355;4
102113;2
102114;2
102145;4
102155;2
102156;2
102157;2
102158;2
102159;2
102160;2
102167;2
102284;4
102296;2
102301;2
102303;4
102307;4
102347;2
102356;4
102358;2
103101;4
103104;4
103124;4
103154;4
103155;4
103158;4
103160;4
103165;4
103171;4
103181;4
103185;4
103214;4
103228;4
103234;4
103252;4
103288;4
103295;4
103297;4
103298;4
103299;4
103306;4
103307;4
103310;4
103316;4
103320;4
103322;4
103323;4
103325;4
103334;4
103340;4
103342;4
103343;4
103353;4
103373;4
104102;4
104103;4
104127;4
104147;4
104154;4
104155;4
104159;4
104161;4
104168;4
104186;4
104188;4
104214;4
104215;4
104229;4
104235;4
104253;4
104289;4
104297;4
104298;4
104310;4
104311;4
104321;4
104348;4
104354;4
104356;4
105101;4
105107;4
105109;4
105111;4
105113;3
105114;3
105121;3
105152;4
105175;4
105178;4
105288;3
105290;2
105297;4
105298;4
105304;4
105306;3
105341;3
105343;3
105347;4
105355;3
106102;4
106106;4
106110;4
106120;2
106122;3
106145;4
106153;4
106165;4
106174;4
106176;4
106178;4
106179;4
106257;4
106281;4
106289;3
106298;4
106299;3
106304;4
106342;3
106344;3
106356;3
106360;4
107101;4
107111;4
107113;2
107123;4
107140;4
107141;4
107142;4
107144;4
107154;2
107155;2
107156;2
107158;2
107159;2
107167;2
107168;2
107173;4
107175;4
107177;4
107256;4
107288;2
107297;2
107302;4
107304;2
107343;4
108102;4
108108;4
108112;4
108114;2
108141;4
108145;4
108155;2
108156;2
108157;2
108158;2
108159;2
108167;2
108168;2
108178;4
108188;4
108253;4
108257;4
108273;2
108292;2
108293;2
108296;2
108303;4
108339;2
108344;4
108354;2
108356;4
109109;4
109113;2
109118;4
109119;3
109140;4
109141;4
109175;4
110109;4
110120;3
110140;4
110141;4
111101;4
111105;4
111107;4
111113;3
111115;4
111121;3
111140;4
111141;4
111142;4
111144;4
111148;4
111150;4
111177;4
111178;4
111282;2
111295;4
111304;4
111320;4
112102;4
112108;4
112114;3
112122;3
112141;4
112143;4
112147;4
112174;4
112177;4
112178;4
112296;4
113113;2
113122;4
113144;4
113145;4
113154;2
113156;2
113160;2
113214;2
113233;4
113291;2
113295;2
113298;2
113300;2
113301;2
113319;2
113324;2
113325;2
113326;2
113334;4
113336;4
113338;2
113346;2
113348;2
114108;4
114112;4
114120;3
114128;4
114152;2
114155;2
114157;2
114160;2
114178;4
114211;2
114288;2
114290;2
114293;2
114297;2
114300;2
114301;2
114318;2
114324;2
114325;2
114327;2
114333;4
114340;2
114345;2
114347;2
114373;2
115111;4
115124;2
115142;4
115148;4
115150;4
115158;2
115162;4
115163;4
115165;2
115166;2
115167;2
115185;4
115282;2
115294;2
115295;2
115320;2
115343;3
115355;3
116106;4
116112;4
116116;4
116123;2
116143;4
116149;4
116151;4
116155;2
116159;2
116162;4
116163;4
116166;2
116168;2
116182;2
116188;4
116216;2
116217;2
116255;4
116279;2
116296;2
116311;2
116321;2
116356;3
117110;4
117112;4
117140;4
117143;4
117146;4
117153;4
117179;4
117188;4
117290;2
117291;2
117294;2
117312;3
117318;3
117326;3
118109;4
118110;4
118111;4
118113;3
118117;4
118118;4
118140;4
118141;4
118142;4
118152;4
118153;4
118177;4
118180;4
118185;4
118290;2
118294;2
118355;3
118356;3
119109;4
119113;3
119121;3
119141;4
119173;4
119177;4
119178;4
119217;2
119288;3
119290;2
119299;3
119304;4
120106;4
120110;4
120117;4
120119;2
120122;3
120140;4
120141;4
120143;4
120174;4
120176;4
120180;4
120289;3
120291;2
120307;3
121105;4
121109;4
121111;4
121113;2
121114;2
121140;4
121160;2
121161;2
121170;2
121178;4
121211;2
121288;2
121293;2
121297;2
121300;2
121341;4
121343;4
121347;2
121357;2
121374;2
122106;4
122112;4
122113;2
122114;2
122141;4
122160;2
122161;2
122174;4
122178;4
122211;2
122289;2
122301;2
122334;4
122342;4
122344;4
122346;2
123149;4
123155;3
123159;2
123160;3
123161;3
123289;4
123311;3
124115;4
124124;4
124159;2
124160;2
124181;2
124185;4
124187;4
124273;2
124274;2
124292;2
124293;2
124295;2
124309;2
124320;2
124331;4
124342;4
125182;2
125186;4
125188;4
125274;2
125308;2
125333;4
125345;2
125354;2
126288;3
126309;3
126320;4
126322;4
126326;3
126334;4
126342;3
126347;4
127104;2
127154;2
127233;4
127300;2
127327;3
127341;3
127346;4
127347;4
128154;2
128155;2
128156;2
128157;2
128158;2
128159;2
128167;2
128179;4
128180;4
128211;2
128273;2
128274;2
128280;4
128281;4
128288;2
128289;2
128297;2
128304;2
128355;4
129129;2
129189;2
129198;2
129205;2
129390;2
130198;2
130205;2
130294;2
130391;2
131191;2
131392;2
132191;2
132199;2
132205;2
132206;2
132393;2
133133;2
133394;2
134193;2
134201;2
134395;2
135396;2
136397;2
137398;2
138399;2
138400;2
139210;2
139401;2
139402;2
140106;4
140110;4
140111;4
140113;2
140114;2
140119;3
140120;3
140121;4
140141;4
140148;4
140175;4
140177;4
140178;4
140235;4
140253;4
140289;2
140304;2
141107;4
141108;4
141109;4
141110;4
141111;4
141112;4
141113;2
141114;2
141119;3
141120;3
141121;4
141140;4
141145;4
141150;4
141174;4
141177;4
141178;4
142111;4
142113;2
142118;4
142150;4
143112;4
143114;2
143120;3
143141;4
143296;2
144101;4
144105;4
144107;4
144111;4
144113;2
144121;4
144150;4
144154;2
144155;2
144156;2
144158;2
144159;2
144162;4
144166;2
144216;2
144288;2
144300;2
144302;4
144304;2
144355;4
145102;4
145106;4
145108;4
145112;4
145114;2
145145;4
145155;2
145157;2
145158;2
145159;2
145161;2
145165;2
145174;4
145175;4
145216;2
145217;2
145273;2
145281;4
145289;2
145321;2
145344;4
146105;4
146111;4
146113;4
146119;4
146120;4
146121;4
146141;4
146142;4
146150;4
146174;4
146177;4
146178;4
146188;4
146288;4
146290;4
146318;4
146326;4
147108;4
147111;4
147112;4
147114;4
147140;4
147141;4
147143;4
147145;4
147174;4
147177;4
147178;4
147188;4
148123;2
148149;4
148150;4
148151;4
148185;4
148216;2
148217;2
148282;2
149151;4
149217;2
149283;2
150111;4
150113;2
150115;4
150141;4
150148;4
151108;4
151111;4
151112;4
151114;2
151116;4
151123;4
151141;4
151143;4
151174;4
151188;4
151216;2
151296;2
152105;4
152114;2
152119;3
152121;4
152154;2
152159;2
152160;2
152180;4
152211;2
152288;2
152290;2
152355;4
153117;4
153118;4
153120;3
153122;4
153155;2
153161;2
153179;4
153289;2
153291;2
153356;4
154130;2
154132;2
154133;2
154135;2
154136;2
154137;2
154138;2
154139;2
154155;2
154156;3
154158;2
154159;2
154160;3
154161;3
154189;2
154190;2
154191;2
154192;2
154193;2
154195;2
154196;2
154197;2
154204;2
154238;3
154239;3
154273;3
154274;3
154278;2
154288;3
154329;3
154361;3
154362;3
154363;3
154364;3
154365;3
154366;3
154367;3
154368;3
154369;3
154370;3
154371;3
154372;3
155129;2
155130;2
155132;2
155133;2
155134;2
155135;2
155136;2
155137;2
155139;2
155154;2
155156;3
155157;3
155158;2
155159;2
155161;3
155189;2
155190;2
155191;2
155192;2
155193;2
155194;2
155195;2
155196;2
155197;2
155199;2
155200;2
155238;3
155239;3
155273;3
155274;3
155297;4
155327;3
155330;3
155348;3
155362;3
155363;3
155364;3
155365;3
155366;3
155367;3
155368;3
155369;3
155370;3
155371;3
156132;2
156133;2
156138;2
156154;2
156155;2
156157;3
156159;2
156161;3
156168;4
156171;4
156193;2
156195;2
156211;3
156274;3
156279;2
156281;4
156331;4
156362;3
156370;3
156374;2
156386;3
157114;3
157129;2
157131;2
157132;2
157138;2
157154;2
157155;2
157156;3
157158;2
157161;3
157167;4
157191;2
157192;2
157195;2
157201;2
157217;3
157363;3
157364;3
157392;2
158132;2
158138;2
158139;2
158154;2
158155;2
158159;4
158160;3
158167;4
158189;2
158190;2
158191;2
158192;2
158193;2
158196;2
158213;2
158238;4
158273;2
158328;4
158329;4
158330;4
158363;2
158365;2
158370;2
158372;2
159123;2
159138;2
159139;2
159154;2
159155;2
159156;2
159158;4
159161;3
159168;4
159189;2
159190;2
159191;2
159192;2
159193;2
159196;2
159198;2
159201;2
159213;2
159238;4
159272;4
159274;2
159328;4
159329;4
159330;4
159362;2
159363;2
159365;2
159371;2
160124;2
160129;2
160154;2
160155;2
160158;4
160189;2
160190;2
160191;2
160200;2
160273;2
160274;2
160285;2
160320;4
160328;4
160329;4
160330;4
160361;2
160363;2
160391;2
160392;2
161122;3
161129;2
161130;2
161131;2
161154;2
161155;2
161158;4
161159;4
161160;3
161185;4
161189;2
161190;2
161191;2
161200;2
161252;3
161301;2
161321;4
161328;4
161329;4
161330;4
161356;3
161361;2
161362;2
161363;2
161364;2
162115;3
162138;3
162156;3
162157;3
162163;3
162164;4
162165;3
162166;3
162167;4
162171;4
162212;4
162216;3
162217;3
162278;4
162282;3
162295;4
162296;4
162343;4
162373;3
162374;3
162384;3
163111;4
163115;3
163145;3
163154;3
163156;3
163157;3
163162;3
163164;4
163165;3
163166;3
163167;4
163216;3
163217;3
163274;3
163275;3
163281;4
163282;3
163308;4
163320;4
163362;3
164154;2
164155;2
164156;2
164157;2
164158;4
164159;4
164161;3
164162;4
164164;2
164167;4
164168;4
164196;2
164213;2
164262;3
164273;2
164274;2
164278;2
164279;2
164283;2
164285;2
164366;2
164371;2
164384;2
165106;4
165145;4
165155;4
165156;4
165157;4
165158;4
165162;4
165163;4
165166;4
165167;4
165168;4
165176;4
165182;4
165205;4
165281;4
165283;4
165296;4
165301;4
165304;4
165328;4
165342;4
165344;4
165390;4
166108;4
166128;4
166151;4
166154;4
166156;4
166157;4
166159;4
166162;4
166163;4
166165;4
166168;4
166175;4
166211;4
166280;4
166297;4
166304;4
166341;4
166343;4
167117;3
167145;3
167155;3
167156;3
167157;3
167158;2
167160;3
167165;3
167168;4
167273;3
167274;3
167279;4
167296;4
167305;3
167328;3
168124;3
168154;3
168155;3
168156;3
168157;3
168158;2
168159;2
168161;3
168167;4
168172;3
168215;3
168273;3
168274;3
168294;4
168329;3
169156;4
169160;4
169161;4
169172;4
169211;4
169300;4
169301;4
169306;4
169310;4
169318;4
169324;4
169325;4
169326;4
169336;4
169340;4
170169;4
170181;4
170280;4
170282;4
170297;4
170300;4
170301;4
170310;4
170311;4
170318;4
170320;4
170323;4
170324;4
170333;4
170341;4
170346;4
170348;4
171160;3
171170;4
171205;4
171210;4
171212;4
171213;4
171217;3
171281;4
171286;3
171301;4
171305;3
171328;3
171329;3
171330;3
171384;3
171385;3
171389;3
171401;4
172104;4
172156;2
172157;2
172158;2
172159;2
172165;2
172168;2
172169;2
172181;2
172182;2
172189;4
172273;2
172274;2
172278;2
172279;2
172284;4
172294;4
172339;2
172362;4
172375;2
173101;4
173109;4
173119;4
173121;4
173140;4
173142;4
173144;4
173175;4
174106;4
174110;4
174112;4
174120;4
174122;4
174141;4
174143;4
174146;4
174153;4
174176;4
174296;4
174298;4
174304;4
175105;4
175111;4
175114;3
175119;2
175121;3
175140;4
175144;4
175156;2
175166;4
175173;4
175177;4
175216;2
175288;3
175297;4
175341;3
175343;3
176106;4
176116;4
176120;2
176122;3
176141;4
176143;4
176145;4
176157;2
176216;2
176217;2
176257;4
176289;3
176296;4
176304;4
176360;4
177109;4
177111;4
177112;4
177113;2
177114;2
177119;3
177121;4
177141;4
177143;4
177146;4
177154;2
177178;4
177288;2
177347;2
178106;4
178111;4
178112;4
178113;2
178114;2
178119;3
178120;3
178140;4
178141;4
178143;4
178145;4
178146;4
178147;4
178177;4
178234;4
178288;2
178306;4
179106;4
179113;2
179117;4
179122;4
179153;2
179155;2
179160;2
179161;2
179180;4
179188;4
179289;2
179291;2
179294;4
179297;2
179298;2
179303;4
179307;4
179352;2
179356;4
180119;3
180128;4
180154;2
180160;2
180179;4
180256;4
180288;2
180290;2
180291;2
180297;2
180347;2
181101;4
181103;4
181124;4
181165;4
181168;4
181216;4
181278;4
181279;4
181295;4
181320;4
181324;4
181349;4
182104;4
182125;4
182154;4
182157;4
182165;4
182167;4
182188;4
182217;4
182273;4
182278;4
182279;4
182331;4
182350;4
185109;4
185117;4
185124;4
185161;4
185186;4
185226;4
185232;4
185252;4
185254;4
185290;4
185292;4
185293;4
185299;4
185302;4
185305;4
185312;4
185320;4
185322;4
185323;4
185334;4
185337;4
185340;4
185342;4
185349;4
185353;4
185357;4
186160;4
186182;4
186186;4
186227;4
186229;4
186253;4
186255;4
186292;4
186293;4
186296;4
186299;4
186311;4
186313;4
186321;4
186322;4
186323;4
186338;4
186341;4
186350;4
186354;4
186356;4
186358;4
187161;4
187230;4
187252;4
187256;4
187284;4
187288;4
187290;4
187292;4
187293;4
187302;4
187308;4
187313;4
187320;4
187322;4
187323;4
187335;4
187343;4
187348;4
187351;4
187355;4
187359;4
188108;4
188143;4
188160;4
188186;4
188231;4
188237;4
188253;4
188257;4
188288;4
188289;4
188292;4
188293;4
188303;4
188306;4
188309;4
188323;4
188336;4
188344;4
188346;4
188352;4
188360;4
189129;2
189198;2
189205;2
189215;2
189391;2
190130;2
190191;2
190198;2
190205;2
190391;2
190392;2
191132;2
191192;2
191200;2
191206;2
191392;2
191393;2
192199;2
192206;2
192393;2
192394;2
193192;2
193201;2
193207;2
193394;2
193395;2
194193;2
194202;2
194207;2
194393;2
194394;2
194395;2
194396;2
195194;2
195203;2
195208;2
195396;2
195397;2
195398;2
196195;2
196204;2
196208;2
196209;2
196397;2
196398;2
196399;2
196400;2
196401;2
196402;2
197139;2
197196;2
197204;2
197210;2
197211;2
197372;2
197398;2
197399;2
197400;2
197401;2
197402;2
198129;2
198130;2
198189;2
198190;2
198205;2
198215;2
198294;2
198391;2
198392;2
199131;2
199132;2
199190;2
199191;2
199192;2
199205;2
199206;2
199392;2
199393;2
200132;2
200133;2
200192;2
200193;2
200206;2
200207;2
200209;2
200393;2
200394;2
200395;2
201134;2
201193;2
201207;2
201208;2
201209;2
201210;2
201395;2
202135;2
202136;2
202194;2
202195;2
202196;2
202393;2
202394;2
202395;2
202396;2
203136;2
203137;2
203196;2
203197;2
203396;2
203397;2
203398;2
204138;2
204139;2
204197;2
204397;2
204398;2
204399;2
204400;2
204401;2
204402;2
205190;3
205374;3
205391;4
206191;3
206392;4
206393;4
207193;3
211121;3
211122;3
211128;4
211152;4
211153;4
211154;2
211155;2
211156;2
211157;2
211159;4
211160;3
211161;3
211190;2
211199;2
211200;2
211201;2
211204;2
211261;3
211273;2
211274;2
211281;4
211284;4
211288;3
211289;3
211301;2
211304;4
211325;3
211326;3
211327;3
211328;4
211341;3
211342;3
211343;3
211344;3
211347;4
211355;3
211357;4
211362;2
211366;2
211368;2
211372;2
211373;2
211383;2
212171;4
212196;3
212210;4
212213;4
212258;2
212266;4
212280;4
212402;4
213113;2
213114;2
213154;2
213155;2
213156;2
213169;2
213276;4
213280;4
213285;4
213290;2
213291;2
213297;2
213298;2
213307;4
213318;2
213319;2
213351;2
213398;4
214103;4
214104;4
214113;2
214114;2
214154;2
214155;2
214156;2
214157;2
214158;2
214159;2
214205;4
214211;2
214215;2
214274;2
214305;4
214361;4
215101;4
215102;4
215104;4
215154;2
215155;2
215156;2
215157;2
215158;2
215159;2
215160;2
215161;2
215167;2
215168;2
215211;2
215214;2
215273;2
215373;2
216107;4
216108;4
216111;4
216116;4
216121;3
216122;3
216144;4
216145;4
216149;4
216150;4
216151;4
216162;4
216163;4
216167;4
216174;4
216175;4
216176;4
216216;2
216217;2
216282;2
216295;4
216300;2
216304;4
216321;4
216388;2
217111;4
217113;3
217121;3
217122;3
217133;2
217144;4
217157;2
217159;4
217161;3
217162;4
217163;4
217165;4
217166;4
217167;4
217175;4
217182;4
217193;2
217194;2
217216;2
217279;2
217281;4
217283;2
217285;2
217296;4
217300;2
217301;2
217309;3
217321;4
217328;4
217330;4
217366;2
217385;2
217386;2
217387;2
217388;2
218220;4
218222;4
218224;2
218225;4
218241;4
218243;4
218244;4
218247;4
218248;4
218249;4
218250;4
219221;4
219222;4
219224;2
219240;4
219241;4
219242;4
219243;4
219244;4
219247;4
219248;4
219249;4
219250;4
219251;4
220218;2
220221;2
220223;4
220224;4
220240;2
220250;2
220251;2
221219;2
221220;2
221223;4
221224;4
221240;2
221242;3
221244;2
221245;2
221247;2
221250;2
221251;2
222218;4
222224;2
222225;4
222240;4
222241;4
222243;4
222244;4
222245;4
222247;4
222248;4
222249;4
222251;4
223221;4
223224;4
223241;4
223243;4
223244;4
223249;4
223250;4
223251;4
224218;2
224220;2
224221;2
224222;2
224223;4
224240;2
224241;3
224243;2
224244;2
224245;2
224249;2
224250;2
224251;2
225219;4
225220;4
225221;4
225222;4
225243;4
225245;4
225250;4
225251;4
226232;4
226302;4
226309;2
226312;2
226315;2
226337;2
226349;2
227227;4
227229;4
227233;4
227253;4
227284;4
227303;4
227308;2
227313;2
227350;2
227358;2
228161;2
228234;4
228252;4
228308;2
228310;2
228311;2
228312;2
228313;2
228316;2
228320;2
228351;2
228353;2
229160;2
229161;2
229253;4
229308;2
229309;2
229310;2
229311;2
229312;2
229313;2
229315;2
229322;2
229356;4
230171;3
230228;4
230230;4
230256;4
230302;4
230308;2
230313;2
230322;2
230351;2
230359;2
231229;4
231237;4
231253;4
231257;4
231303;4
231309;2
231312;2
231352;2
232152;4
232157;2
232226;2
232232;4
232254;4
232290;2
232299;3
232302;4
232314;2
232315;2
232316;2
232317;2
232322;4
232349;4
233186;4
233227;2
233255;4
233292;4
233293;4
233302;4
233303;4
233314;2
233315;2
233316;2
233317;2
233350;4
234103;2
234160;3
234228;2
234254;4
234256;4
234292;4
234299;3
234310;3
234311;3
234316;2
234317;2
234351;4
234355;3
235104;2
235161;3
235229;2
235253;3
235255;4
235257;4
235299;3
235310;3
235315;2
235317;2
235321;4
235350;4
235352;4
235354;2
235356;3
236180;4
236213;2
236230;2
236234;4
236256;4
236288;3
236299;3
236302;4
236315;2
236316;2
236317;2
236351;4
237108;4
237154;2
237231;2
237257;4
237289;3
237299;3
237303;4
237314;2
237315;2
237316;2
237317;2
237334;4
237352;4
237356;3
238154;2
238155;2
238158;2
238159;2
238167;2
238168;2
238264;4
238278;2
238286;4
239154;2
239155;2
239158;2
239159;2
239168;2
239259;4
239272;4
239274;2
239278;2
239284;4
239286;4
239287;4
240220;4
240221;4
240222;4
240223;4
240224;2
240249;4
240250;4
241222;4
241223;4
241224;2
241243;4
241244;4
242223;4
242224;2
242243;4
242244;4
242251;4
243250;2
244245;2
245223;4
245224;2
245241;4
245243;4
245245;4
245247;4
249218;2
249222;2
249223;4
249240;2
249241;3
249242;3
249243;2
249247;2
249250;2
249251;2
250223;4
250243;4
250244;4
250245;4
250251;4
251220;4
251221;4
251223;4
251225;4
251244;4
252161;2
252185;4
252187;4
252230;4
252252;4
252290;2
252308;2
252310;2
252312;2
252315;2
252345;2
252346;2
252348;2
252357;2
252359;2
253104;4
253160;2
253186;4
253188;4
253227;4
253231;4
253235;4
253253;4
253255;4
253291;2
253305;4
253309;2
253310;2
253311;2
253313;2
253314;4
253316;2
253345;2
253346;2
253347;2
253348;2
253359;2
254185;4
254293;2
254299;2
254308;2
254309;2
254314;4
254315;2
254322;2
254337;2
254357;2
255227;4
255292;2
255293;2
255299;2
255308;2
255316;2
255323;2
255338;2
256154;2
256159;2
256234;4
256292;2
256313;2
256322;2
256339;2
257231;4
257289;2
257293;2
257299;2
257303;4
257312;2
257316;2
257323;2
257340;2
258197;2
258210;2
258279;2
258400;2
258401;2
258402;2
259210;2
259401;2
259402;2
260211;4
261211;4
261260;4
261284;4
262159;2
262162;4
262164;2
262165;2
262166;2
262196;2
262211;2
262263;4
262264;4
262265;4
262282;2
263159;2
263164;2
263166;2
263196;2
263211;2
263262;4
263264;4
263265;4
263280;4
263282;2
263283;2
263285;4
264139;4
264154;2
264155;2
264158;2
264159;2
264164;2
264196;2
264265;4
264273;2
264278;2
264372;3
265154;2
265155;2
265158;2
265159;2
265264;4
265267;4
265273;2
265274;2
265372;3
266154;2
266166;2
266197;4
266211;2
266238;2
266267;4
266273;2
266283;2
266372;3
267166;2
267197;4
267211;2
267239;2
267263;4
267266;4
267274;2
267283;2
267372;3
270312;3
270325;3
270326;3
270335;4
270343;3
270344;3
270348;4
271324;3
271336;4
271343;3
271344;3
271347;4
272154;2
272155;2
272158;2
272159;2
272164;2
272165;2
272168;2
272196;2
272204;2
272239;2
272264;4
272273;2
272274;2
272278;2
272281;4
273108;4
273129;2
273130;2
273145;4
273154;2
273155;2
273156;2
273157;2
273158;4
273159;4
273160;3
273161;3
273164;2
273167;4
273168;4
273193;2
273196;2
273199;2
273200;2
273201;2
273204;2
273211;2
273261;3
273273;2
273274;2
273294;2
273305;4
273339;2
273344;3
273371;2
273376;2
273378;2
273383;2
274128;4
274154;2
274155;2
274156;2
274157;2
274158;4
274159;4
274160;3
274161;3
274165;4
274171;4
274190;2
274192;2
274193;2
274195;2
274199;2
274200;2
274201;2
274211;2
274214;2
274239;4
274261;3
274273;2
274275;2
274276;2
274281;4
274284;4
274287;4
274294;2
274340;2
274375;2
274376;2
274378;2
274383;2
275154;2
275155;2
275158;2
275159;2
275162;4
275164;2
275209;4
275273;2
275274;2
275276;4
275280;4
275399;4
276154;2
276155;2
276158;2
276211;2
276273;2
276274;2
276275;4
276369;4
276372;3
276377;2
276378;2
277169;2
277172;4
277211;2
277273;2
277274;2
277284;4
278154;2
278157;2
278158;4
278159;4
278164;2
278167;4
278168;4
278171;4
278181;4
278182;4
278205;2
278238;4
278272;4
278273;2
278275;2
278279;2
278281;4
278285;2
278286;4
278287;4
278372;2
278401;2
279124;2
279154;2
279157;2
279158;4
279159;4
279160;3
279167;4
279168;4
279171;4
279181;4
279185;4
279200;2
279206;2
279217;2
279272;4
279274;2
279276;2
279279;2
279284;4
279285;2
279286;4
279287;4
279353;2
279355;3
279366;2
279371;2
279385;2
279392;2
279393;2
279395;2
279396;2
279402;2
280101;4
280128;4
280154;2
280155;2
280156;2
280157;2
280159;4
280166;4
280273;2
280274;2
280275;2
280297;4
280304;4
281106;4
281128;4
281145;4
281154;2
281155;2
281156;2
281157;2
281164;2
281165;4
281167;4
281171;4
281206;2
281213;2
281217;2
281273;2
281274;2
281283;2
281289;3
281298;4
281356;3
282111;4
282148;4
282150;4
282166;2
282173;4
282196;2
282210;4
282216;2
282217;2
282280;4
282320;2
283111;4
283112;4
283116;4
283141;4
283148;4
283151;4
283157;2
283163;4
283171;3
283174;4
283205;4
283210;4
283296;2
283321;2
283385;2
283390;4
284102;4
284125;4
284156;2
284157;2
284167;2
284168;2
284169;2
284188;4
284193;4
284197;4
284199;2
284200;2
284201;2
284204;2
284211;2
284227;4
284230;4
284231;4
284273;2
284277;4
284284;4
284302;4
284303;4
284328;2
284332;4
284349;2
284375;2
285113;4
285114;4
285169;4
285170;4
285171;4
285213;4
285297;4
285298;4
285299;4
285305;4
285317;4
285318;4
285319;4
286273;4
286274;4
286285;4
286287;4
286401;4
287155;4
287159;4
287239;4
287372;4
288121;4
288128;4
288154;2
288180;4
288185;4
288289;2
288290;2
288300;2
288301;2
288304;2
288306;4
288307;4
288308;2
288309;2
288310;2
288311;2
288312;2
288313;2
288324;2
288333;4
288336;4
288342;4
288345;2
288346;2
288347;2
288348;2
288355;4
289106;4
289153;2
289155;2
289187;4
289188;4
289229;4
289288;2
289289;2
289291;2
289306;4
289307;4
289308;2
289309;2
289310;2
289311;2
289312;2
289313;2
289325;2
289334;4
289335;4
289342;4
289344;4
289345;2
289346;2
289347;2
289348;2
290114;3
290152;4
290154;2
290157;3
290159;2
290160;3
290161;3
290180;4
290187;3
290213;2
290288;3
290297;4
290300;2
290305;3
290311;3
290348;3
290357;3
291113;3
291117;3
291122;3
291153;4
291155;2
291156;3
291160;3
291161;3
291179;4
291253;3
291289;3
291298;4
291299;3
291305;3
291313;3
291314;2
291345;3
291347;3
291348;3
291360;3
292101;4
292102;4
292108;4
292154;4
292155;4
292185;4
292187;4
292256;4
292293;4
292300;4
292301;4
292307;4
292319;4
292326;4
292341;4
292342;4
292345;4
292346;4
292348;4
292354;4
293102;4
293113;4
293114;4
293121;4
293154;4
293155;4
293170;4
293185;4
293186;4
293292;4
293300;4
293301;4
293306;4
293318;4
293320;4
293342;4
293345;4
293346;4
293347;4
293348;4
293354;4
293373;4
294190;4
294194;4
294198;4
294205;4
294206;4
294214;4
294314;4
294394;4
295124;2
295156;2
295157;2
295166;4
295168;4
295280;4
295300;2
296108;4
296121;3
296145;4
296156;2
296157;2
296162;4
296167;4
296168;4
296176;4
296188;4
296216;2
296217;2
296273;2
296274;2
296281;4
296289;3
296295;4
296301;2
296303;4
296356;3
297105;4
297107;4
297114;2
297121;4
297122;4
297126;4
297160;2
297161;2
297170;2
297180;4
297211;2
297256;4
297280;4
297290;2
297299;2
297304;2
297320;2
297323;2
297355;4
298110;4
298113;2
298122;4
298127;4
298158;2
298161;2
298169;2
298170;2
298179;4
298211;2
298213;2
298257;4
298285;4
298289;2
298291;2
298304;2
298322;2
298356;4
298360;2
299106;4
299119;2
299120;2
299121;3
299122;3
299153;4
299179;4
299180;4
299185;4
299187;4
299188;4
299234;4
299235;4
299236;4
299237;4
299254;4
299255;4
299256;4
299257;4
299288;3
299289;3
299290;2
299291;2
299302;4
299303;4
299316;2
299317;2
299352;4
299360;4
300113;2
300114;2
300154;2
300155;2
300156;2
300157;2
300161;2
300170;2
300288;2
300290;2
300293;2
300300;2
300301;2
300310;2
300311;2
300318;2
300319;2
300324;2
300325;2
300326;2
300327;2
300345;2
300346;2
300347;2
300373;2
301102;4
301113;2
301154;2
301156;2
301157;2
301167;2
301169;2
301291;2
301300;2
301305;4
301310;2
301311;2
301318;2
301319;2
301326;2
301327;2
301345;2
301346;2
301347;2
301348;2
301373;2
302255;4
302256;4
302299;4
302302;4
303157;4
303255;4
303257;4
303299;4
303352;4
304102;4
304105;4
304106;4
304110;4
304116;4
304121;3
304122;3
304128;4
304144;4
304145;4
304152;4
304160;3
304176;4
304180;4
304211;2
304216;2
304280;4
304281;4
304288;3
304289;3
304297;4
304298;4
304320;4
304321;4
304355;3
304356;3
305160;3
305161;3
305169;4
305170;4
305171;4
305185;3
305187;3
305188;3
305253;3
305290;4
305291;4
305300;4
305301;4
305305;3
305308;4
305309;4
305310;3
305311;3
305317;4
305345;3
305346;3
305347;3
305348;3
305358;3
305359;3
305360;3
306142;4
306148;4
306288;3
306289;3
306310;3
306312;3
306325;3
306336;4
306346;4
306347;4
307288;3
307289;3
307306;3
307308;3
307311;3
307313;3
307323;4
307324;3
307335;4
307339;2
307341;3
307345;4
307348;4
308161;3
308187;4
308227;2
308229;2
308288;3
308312;3
308313;3
308317;2
308322;4
309308;3
309312;3
309313;3
310103;2
310104;2
310170;4
310187;4
310228;2
310229;2
310252;3
310253;3
310288;3
310289;3
310291;2
310300;2
310305;4
310306;3
310309;3
310311;3
310312;3
310313;3
310316;2
310319;3
310322;4
310323;4
310338;2
310344;3
310346;4
310356;3
311170;4
311228;2
311253;3
311288;3
311289;3
311301;2
311305;4
311308;3
311310;3
311312;3
311320;4
311335;4
311346;4
312161;3
312185;4
312229;2
312237;4
312257;4
312309;3
312311;3
312313;3
312336;4
312340;2
312360;4
313155;2
313227;2
313228;2
313256;4
313289;3
313308;3
313313;3
313335;4
313338;2
313339;2
313342;3
313351;4
313359;4
314290;4
314291;4
314314;4
314345;3
314346;3
315229;4
315253;3
315303;4
315317;4
316228;4
316316;4
316323;4
317291;4
317299;4
317305;3
317308;4
317309;4
317314;4
317346;3
317347;3
318169;4
318170;4
318179;4
318213;2
318285;2
318291;2
318301;2
318305;4
318311;3
318322;4
318327;3
318347;4
319169;4
319170;4
319213;2
319299;3
319310;3
319311;3
320101;4
320107;4
320114;4
320115;4
320144;4
320154;4
320157;4
320160;4
320163;4
320185;4
320280;4
320294;4
320295;4
320307;4
320309;4
320310;4
320311;4
320312;4
320322;4
320323;4
320324;4
320333;4
320334;4
320335;4
320337;4
320340;4
320343;4
320345;4
320346;4
320355;4
321102;4
321104;4
321116;4
321125;4
321127;4
321145;4
321154;4
321156;4
321157;4
321158;4
321161;4
321167;4
321233;4
321235;4
321253;4
321298;4
321304;4
321308;4
321310;4
321311;4
321313;4
321324;4
321333;4
321336;4
321339;4
321344;4
321356;4
322155;2
322229;2
322292;4
322293;4
322294;2
322308;3
322311;3
322326;3
322338;2
323114;3
323187;4
323310;3
323311;3
323316;2
323320;4
323322;4
323345;4
324113;3
324154;2
324157;2
324253;3
324297;4
324300;2
324301;2
324307;3
324313;3
324319;3
324328;4
324337;2
324338;2
324339;2
325113;3
325114;3
325154;2
325155;2
325252;3
325270;4
325300;2
325301;2
325318;3
325319;3
325320;4
325328;4
325342;3
325344;3
325347;4
326113;3
326154;2
326205;2
326253;3
326300;2
326301;2
326319;3
326325;3
326328;4
326330;4
326342;3
326346;4
326347;4
326361;2
326362;2
326363;2
326364;2
326374;2
326390;2
326391;2
327114;3
327127;4
327147;4
327155;2
327156;2
327226;2
327289;3
327300;2
327301;2
327302;4
327317;2
327327;3
327329;4
327341;3
327345;4
328324;3
328325;3
329298;4
329327;3
330326;3
331114;3
331124;2
331154;2
331155;2
331156;2
331157;2
331158;4
331160;3
331211;2
331214;2
331273;2
331293;4
331303;4
331305;4
331318;3
331325;3
331334;4
331339;2
331342;3
332107;4
332113;3
332124;2
332154;2
332156;2
332157;2
332211;2
332293;4
332322;4
332323;4
332331;2
332333;4
332338;2
332343;3
333127;4
333163;4
333310;3
333332;2
333337;2
333341;3
333345;4
334124;2
334154;2
334185;4
334231;2
334331;2
334338;2
334342;3
334346;4
335103;2
335234;4
335270;4
335340;2
335343;3
335348;4
336271;4
336310;3
336339;2
336344;3
336347;4
337128;4
337185;4
337280;4
337333;4
337343;3
337345;4
338334;4
338346;4
339127;4
339308;3
339321;4
339336;4
339345;4
339347;4
340108;4
340257;4
340270;4
340292;4
340323;4
340335;4
340336;4
340348;4
341121;3
341127;4
341299;3
341314;2
341327;3
341332;2
341333;4
341335;4
341343;3
341345;4
342126;4
342154;2
342306;3
342314;2
342326;3
342331;2
342334;4
342336;4
342341;3
342346;4
343115;4
343157;2
343162;4
343166;4
343168;4
343270;4
343271;4
343280;4
343313;3
343317;2
343324;3
343335;4
343341;3
344108;4
344165;4
344188;4
344270;4
344271;4
344284;4
344289;3
344310;3
344311;3
344317;2
344321;4
344325;3
344336;4
344342;3
345160;3
345161;3
345288;3
345289;3
345300;2
345301;2
345305;3
345307;3
345310;3
345311;3
345314;2
345317;2
345327;3
345333;3
345337;2
345339;2
345341;3
345346;3
345348;3
346122;3
346126;4
346127;4
346161;3
346288;3
346289;3
346290;2
346301;2
346305;3
346306;3
346311;3
346314;2
346334;3
346338;2
346340;2
346342;3
346345;3
346347;3
347126;4
347127;4
347188;3
347234;3
347270;3
347284;3
347288;3
347289;3
347291;2
347306;3
347309;3
347317;2
347334;3
347336;3
347339;2
347346;3
347348;3
348114;3
348155;2
348161;3
348187;3
348270;3
348288;3
348289;3
348300;2
348307;3
348308;3
348314;2
348335;3
348338;2
348345;3
348347;3
348373;2
349226;2
349299;3
349302;4
349315;2
350227;2
350303;4
350316;2
350358;4
351161;3
351187;4
351213;2
351228;2
351230;2
351290;2
351302;4
351308;3
351313;3
351315;2
351316;2
351317;2
352102;4
352229;2
352231;2
352237;4
352285;2
352299;3
352303;4
352309;3
352312;3
352315;2
352316;2
352317;2
352360;4
353101;4
353156;2
353185;4
353228;2
353252;3
353284;4
353292;4
353293;4
353309;3
353323;4
353334;4
353335;4
353339;2
353342;3
353343;3
353353;2
353355;3
353357;4
354102;4
354104;2
354108;4
354157;2
354158;4
354186;4
354188;4
354227;2
354229;2
354235;4
354253;3
354255;4
354292;4
354293;4
354310;3
354311;3
354321;4
354333;4
354336;4
354338;2
354340;2
354341;3
354344;3
354356;3
355101;4
355105;4
355115;4
355121;3
355144;4
355146;4
355152;4
355154;2
355156;2
355159;4
355160;3
355168;4
355180;4
355185;4
355217;2
355226;2
355234;4
355256;4
355288;3
355292;4
355297;4
355304;4
355320;4
355355;3
356102;4
356106;4
356108;4
356116;4
356125;2
356153;4
356155;2
356156;2
356157;2
356161;3
356176;4
356186;4
356257;4
356289;3
356293;4
356296;4
356298;4
356303;4
356304;4
356308;3
356311;3
356321;4
356333;4
356336;4
356344;3
356354;2
357121;4
357160;2
357161;2
357226;4
357252;4
357254;4
357290;2
357309;2
357312;2
357345;2
357346;2
358156;2
358160;2
358161;2
358177;4
358186;4
358227;4
358255;4
358291;2
358308;2
358313;2
358314;4
358345;2
358348;2
358356;4
359157;2
359159;2
359160;2
359161;2
359168;2
359187;4
359230;4
359252;4
359253;4
359256;4
359288;2
359290;2
359291;2
359294;4
359299;2
359305;4
359308;2
359313;2
359339;2
359340;2
359348;2
359355;4
360102;4
360154;2
360156;2
360160;2
360171;3
360188;4
360231;4
360289;2
360291;2
360309;2
360310;2
360312;2
360339;2
360340;2
360342;4
360347;2
361190;2
361205;2
361390;2
362154;2
362205;2
362326;3
362361;2
362363;2
362373;2
362374;2
362390;2
362391;2
363205;2
363206;2
363364;2
363374;2
363375;2
363391;2
363392;2
364155;2
364158;4
364161;3
364206;2
364375;2
364376;2
364393;2
365206;2
365207;2
365366;2
365376;2
365394;2
366129;2
366130;2
366155;2
366207;2
366365;2
366376;2
366377;2
366394;2
366395;2
367129;2
367130;2
367131;2
367207;2
367208;2
367378;2
367395;2
367396;2
368130;2
368131;2
368132;2
368133;2
368208;2
368209;2
368378;2
368396;2
368397;2
368398;2
369134;2
369135;2
369208;2
369209;2
369210;2
369379;2
369380;2
369398;2
369399;2
369400;2
370134;2
370135;2
370209;2
370210;2
370380;2
370381;2
370399;2
370400;2
370401;2
371135;2
371136;2
371137;2
371210;2
371279;2
371382;2
371400;2
371401;2
372136;2
372137;2
372138;2
372139;2
372154;2
372196;2
372197;2
372204;2
372210;2
372238;4
372267;4
372273;2
372274;2
372371;2
372383;2
372401;2
372402;2
373101;4
373114;3
373205;2
373300;2
373318;3
373324;3
373343;3
373361;2
373362;2
373363;2
373364;2
373390;2
373391;2
374160;3
374205;2
374206;2
374362;2
374363;2
374385;2
374391;2
374392;2
375206;2
375364;2
375365;2
375392;2
375393;2
376164;2
376206;2
376207;2
376364;2
376365;2
376377;2
376393;2
376394;2
377207;2
377366;2
377395;2
378208;2
378279;2
378367;2
378368;2
378395;2
378396;2
379209;2
379369;2
379370;2
379397;2
379398;2
380209;2
380210;2
380371;2
380398;2
380399;2
381209;2
381210;2
381371;2
381399;2
381400;2
382210;2
382285;2
382371;2
382400;2
382401;2
383210;2
383274;2
383286;4
383287;4
383372;2
383401;2
383402;2
384162;4
384171;4
384205;2
384206;2
384207;2
384213;2
384281;4
384285;2
384385;2
384386;2
384390;2
384391;2
384392;2
384393;2
384394;2
384395;2
385201;2
385205;2
385206;2
385207;2
385213;2
385273;2
385281;4
385283;2
385285;2
385384;2
385386;2
385390;2
385391;2
385393;2
385394;2
385395;2
386156;2
386167;4
386171;4
386205;2
386206;2
386207;2
386217;2
386279;2
386281;4
386283;2
386285;2
386329;4
386374;2
386376;2
386384;2
386385;2
386390;2
386391;2
386392;2
386393;2
386394;2
386395;2
386396;2
387157;2
387166;4
387386;2
387388;2
388162;4
388163;4
388213;2
388216;2
388217;2
388284;4
388285;2
388387;2
388388;2
389164;2
389171;4
389210;2
389279;2
389400;2
389401;2
390205;4
390326;4
390361;3
390373;3
391129;3
391160;3
391205;4
391362;3
391374;3
392205;4
392363;3
392374;3
392375;3
393364;3
393375;3
394155;3
394326;4
394365;3
394366;3
394373;3
394376;3
395154;3
395279;4
395366;3
395377;3
396367;3
396378;3
396379;3
397368;3
397369;3
397379;3
398369;3
398380;3
399370;3
399381;3
400155;3
400210;4
400285;2
400371;3
400382;3
401210;4
401371;3
401372;3
401383;3
402155;3
402210;4
402274;3
402286;3
402372;3
402401;4
